begin remote
  name  TATASKY
  flags RAW_CODES
  eps 30
  aeps  100
  gap 90234
    begin raw_codes
    name KEY_POWER
      khz 36
      2686 859 477 410 477 409 477 850 477 851 919 409 477 409 477 409 478 408 478 409 478 408 478 408 478 409 477 410 478 407 479 408 478 408 478 408 478 408 479 408 478 408 920 408 478 848 480 407 479
    name KEY_VOLUMEUP
      khz 36
      2692 858 480 407 479 407 480 847 480 847 922 406 480 406 480 407 480 407 479 406 480 407 479 407 480 406 480 407 479 407 480 407 479 406 480 407 480 406 479 408 920 848 480 407 479 407 479 407 479
    name KEY_VOLUMEDOWN
      khz 36
      2673 857 480 407 480 406 480 847 480 847 922 407 479 407 479 407 480 406 480 407 479 407 480 406 480 407 479 407 480 406 480 406 480 407 479 407 480 406 480 406 921 848 480 407 479 407 921
    name KEY_MUTE
      khz 36
      2691 859 479 407 480 407 479 847 480 848 921 407 479 408 479 406 480 407 479 407 480 407 479 407 480 406 480 407 480 407 479 407 479 406 480 407 479 407 480 407 479 408 921 405 480 847 922
    name KEY_CHANNELUP
      khz 36
      2639 911 507 380 508 379 507 820 507 820 916 412 508 378 508 379 508 378 508 378 508 378 508 379 508 378 508 378 509 378 508 378 509 377 508 378 509 378 930 838 507 380 507 379 508 378 509 377 509
    name KEY_CHANNELDOWN
      khz 36
      2716 832 508 378 480 406 666 661 509 818 950 379 507 380 508 377 509 377 509 378 509 378 508 377 509 378 534 352 509 377 509 377 509 377 510 377 534 352 948 820 510 377 509 378 508 378 946
    name KEY_BACK
      2564 868 497 391 497 389 498 830 494 832 910 418 500 386 499 387 499 388 498 389 497 389 498 388 498 388 500 387 499 389 497 388 498 388 909 859 496 390 498 390 497 389 498 388 910 419 498
    name KEY_AV
      khz 36
      2610 870 500 430 470 390 500 830 500 830 910 420 500 390 500 390 500 390 500 390 500 390 500 390 500 390 500 390 500 400 500 390 500 390 910 860 500 390 500 390 500 400 500 390 500 390 500 390 500
    name KEY_0
      khz 36
      2700 860 480 410 480 410 480 850 480 850 920 410 480 410 480 410 480 410 480 410 480 410 480 410 480 410 480 410 480 410 480 410 480 410 480 410 480 410 480 410 480 410 480 410 480 410 480 410 480 410 480
    name KEY_9
      khz 36
      2700 860 480 410 480 410 480 850 480 850 920 410 480 410 480 410 480 410 480 410 480 410 480 410 480 410 480 410 480 410 480 410 480 410 480 410 480 410 480 410 480 410 920 850 480 410 920
    name KEY_8
      khz 36
      2700 860 480 410 480 410 480 850 480 850 930 410 480 410 480 410 480 410 480 410 480 410 480 410 480 410 480 410 480 410 480 410 490 410 480 410 480 410 480 410 480 410 930 850 480 410 480 410 480
    name KEY_7
      khz 36
      2700 860 490 410 480 410 480 850 490 850 930 410 480 410 480 410 480 410 480 410 480 410 480 410 480 410 480 410 480 410 480 410 480 410 490 410 480 410 480 410 490 410 480 410 930 410 480 410 480
    name KEY_6
      khz 36
      2690 870 480 420 480 410 480 860 480 860 920 420 480 420 480 420 480 410 480 420 480 410 480 410 480 410 480 420 480 410 480 420 480 410 480 410 480 420 480 410 480 420 480 410 920 420 480 860 480
    name KEY_4
      khz 36
      2600 850 500 390 500 400 490 830 500 830 920 420 500 390 500 390 500 390 500 390 500 390 500 390 500 390 500 390 500 390 500 390 500 390 500 390 500 390 500 390 500 390 500 390 910 860 500 390 500
    name KEY_5
      khz 36
      2590 880 500 400 500 390 500 830 500 840 910 420 500 390 500 390 500 390 500 390 500 390 500 390 500 390 500 390 500 390 500 390 500 390 500 390 500 390 500 390 500 390 500 390 910 860 910
    name KEY_3
      khz 36
      2680 870 510 390 510 390 510 830 510 830 940 400 510 390 510 390 510 390 510 390 510 390 510 390 510 380 510 390 510 390 510 390 510 390 510 390 510 390 510 390 510 390 510 390 510 390 940 400 510
    name KEY_2
      khz 36
      2690 860 490 410 480 410 480 850 480 850 930 410 480 410 480 410 480 410 480 410 480 410 480 410 480 410 480 410 480 410 480 410 480 410 480 410 480 410 480 410 480 410 480 410 480 410 930 850 480
    name KEY_1
      khz 36
      2690 860 480 410 480 410 480 850 480 850 920 410 480 410 480 410 480 410 480 410 480 410 480 410 480 410 480 410 480 410 480 410 480 410 480 410 480 410 480 410 480 410 480 410 480 410 480 410 920
    name KEY_DOWN
      khz 36
      2690 870 480 420 480 420 480 860 480 860 920 420 480 420 480 420 480 420 480 420 480 420 480 420 480 420 480 420 480 420 480 420 480 420 480 420 920 860 920 420 480 860 480 420 920
    name KEY_LEFT
      khz 36
      2700 860 480 410 480 410 480 850 480 850 930 410 480 410 480 410 480 410 480 410 480 410 480 410 490 410 480 410 480 410 480 410 480 410 480 410 930 850 930 410 480 850 930 850 480
    name KEY_RIGHT
      khz 36
      2690 860 480 410 480 410 480 850 480 850 920 410 480 410 480 410 480 410 480 410 480 410 480 410 480 410 480 410 480 410 480 410 480 410 480 410 920 850 920 410 480 850 920 410 480
    name KEY_UP
      khz 36
      2690 860 480 410 480 410 480 850 480 850 920 410 480 410 480 410 480 410 480 410 480 410 480 410 480 410 480 410 480 410 480 410 480 410 480 420 920 850 920 410 480 850 480 410 480 410 480
    name KEY_OK
      khz 36
      2690 870 480 420 480 420 480 860 480 860 920 420 480 420 480 420 480 420 480 410 480 420 480 420 480 420 480 420 480 420 480 420 480 410 480 420 920 860 920 420 480 420 480 860 480 420 480
    end raw_codes
end remote










